7,3,1,0,1,3
13,4,1,0,1,3,9
21,5,1,0,3,4,9,11
31,6,1,0,4,10,23,24,26
57,8,1,0,1,6,15,22,26,45,55
73,9,1,0,1,12,20,26,30,33,35,57
91,10,1,0,2,6,7,18,21,31,54,63,71
133,12,1,0,9,10,12,26,30,67,74,82,109,114,120
183,14,1,0,12,19,20,22,43,60,71,76,85,89,115,121,168
273,17,1,0,1,22,33,83,122,135,141,145,159,175,200,226,229,231,238,246
307,18,1,0,1,3,30,37,50,55,76,98,117,129,133,157,189,199,222,293,299
381,20,1,0,1,19,28,96,118,151,153,176,202,240,254,290,296,300,307,337,361,366,369
553,24,1,0,22,51,89,107,119,151,162,172,177,185,222,231,271,358,406,410,430,437,511,512,514,528,547
651,26,1,0,1,3,43,64,73,92,161,169,175,214,251,268,309,396,421,453,471,500,505,515,527,531,538,551,586
757,28,1,0,1,62,102,111,113,118,157,170,198,241,263,332,344,362,370,404,407,436,555,590,643,660,679,710,733,737,743
871,30,1,0,23,28,68,150,166,215,233,258,262,294,320,328,413,487,542,581,598,644,658,682,688,695,715,730,818,819,821,830,840
993,32,1,0,1,3,13,101,127,154,169,204,210,226,235,259,289,297,317,356,434,474,478,495,538,570,584,589,607,618,654,749,756,801,920
1057,33,1,0,1,31,35,40,149,155,171,191,369,396,425,450,508,521,558,613,627,651,674,700,715,717,774,777,785,795,884,912,960,1006,1013,1025
1407,38,1,0,1,37,63,205,274,289,302,314,316,321,362,414,420,436,465,469,486,550,621,644,652,655,711,731,844,854,924,981,1098,1122,1152,1187,1230,1248,1316,1325,1369
1723,42,1,0,1,3,107,125,216,224,239,245,291,295,422,435,444,471,499,770,807,840,909,935,952,982,992,1050,1103,1138,1183,1222,1264,1296,1312,1372,1459,1545,1564,1569,1589,1623,1630,1661,1712
1893,44,1,0,1,3,55,59,181,209,275,282,298,308,325,347,382,400,411,445,487,493,523,658,749,754,773,858,918,926,1006,1050,1075,1112,1158,1189,1209,1279,1319,1340,1564,1578,1659,1697,1706,1738,1881
2257,48,1,0,1,3,131,138,143,296,377,381,457,566,590,690,712,773,802,891,905,973,979,996,1030,1039,1050,1065,1075,1083,1102,1123,1238,1270,1337,1387,1434,1528,1541,1590,1606,1636,1757,1788,1816,1858,1914,1978,2033,2144,2219
2451,50,1,0,1,36,88,105,111,256,475,594,624,636,665,690,733,757,819,857,956,1017,1037,1193,1241,1249,1323,1339,1372,1566,1598,1612,1649,1651,1767,1771,1776,1860,1879,1919,2045,2063,2066,2076,2110,2121,2136,2216,2238,2310,2317,2374,2424
2863,54,1,0,1,3,33,248,261,267,288,312,382,399,457,539,583,682,713,738,750,772,821,875,886,925,1003,1058,1096,1105,1110,1125,1182,1205,1223,1266,1302,1328,1654,1702,1798,1814,1883,1890,1956,1964,2132,2142,2233,2261,2296,2349,2455,2459,2501,2590,2650
3541,60,1,0,1,3,89,222,235,256,388,447,510,565,589,636,747,838,1006,1048,1157,1184,1234,1328,1340,1372,1477,1546,1814,1854,1871,1939,1969,1974,2023,2034,2098,2104,2150,2355,2374,2454,2502,2547,2825,2863,2878,2892,2929,2965,3077,3086,3108,3169,3227,3231,3247,3270,3303,3344,3434,3516,3534
3783,62,1,0,1,3,91,147,174,225,271,333,370,386,471,484,589,600,659,852,894,906,928,946,963,971,978,1001,1088,1155,1229,1255,1395,1419,1515,1645,1650,1694,1803,1935,1966,2037,2041,2047,2105,2168,2209,2228,2248,2257,2385,2413,2446,2568,2582,2661,2882,2918,3147,3233,3280,3325,3346,3428,3578
4161,65,1,0,1,9,60,73,143,198,360,407,413,481,520,565,585,839,846,1034,1058,1091,1145,1189,1191,1207,1292,1309,1330,1335,1475,1486,1516,1585,1666,1746,1909,2003,2015,2132,2151,2229,2244,2319,2359,2552,2608,2762,2790,2867,2881,3257,3305,3371,3479,3542,3567,3571,3603,3638,3770,3773,3807,3849,3859,3986,4112,4139
4557,68,1,0,1,3,33,79,127,270,567,727,808,833,845,892,945,949,1014,1031,1042,1080,1282,1325,1338,1359,1410,1434,1439,1474,1497,1542,1564,1659,1698,1862,1869,1878,2020,2046,2213,2219,2233,2332,2461,2522,2532,2582,2624,2655,2803,2956,3030,3212,3282,3323,3428,3443,3598,3681,3689,3708,3855,3944,3999,4051,4139,4284,4328,4346,4382
5113,72,1,0,1,3,30,140,328,343,385,432,577,613,701,800,853,866,928,947,1062,1118,1322,1366,1418,1578,1595,1632,1711,1842,1873,1986,1998,2058,2153,2159,2181,2204,2222,2230,2265,2289,2339,2372,2379,2465,2594,2716,2748,2918,2927,2973,3038,3111,3181,3332,3370,3529,3533,3609,3620,3929,3939,3987,4007,4021,4289,4471,4612,4778,4817,4842,4995,5011,5016
5403,74,1,0,1,3,60,115,201,248,304,349,388,423,494,516,532,543,654,745,1136,1200,1386,1518,1539,1554,1612,1688,1758,1894,2017,2119,2124,2381,2449,2456,2528,2554,2641,2691,2719,2807,2848,2899,3081,3357,3422,3434,3440,3465,3474,3683,3746,3808,3960,3970,4121,4129,4175,4256,4260,4279,4293,4531,4548,4726,4758,4847,4900,4929,4942,4990,5183,5207,5227,5307,5337
6321,80,1,0,1,3,95,115,269,277,397,458,507,629,701,728,858,881,1031,1195,1363,1605,1673,1684,1740,1782,1810,1825,1842,1856,1900,1973,1980,2032,2165,2175,2181,2228,2278,2492,2501,2522,2563,2750,2763,2789,2846,2871,3049,3215,3233,3237,3266,3302,3321,3732,3766,3893,3941,3979,4108,4172,4369,4488,4525,4579,4803,4892,4968,5104,5204,5329,5410,5422,5488,5533,5667,5744,5768,6031,6177,6182,6217
6643,82,1,0,1,4,13,40,121,167,281,314,364,502,569,621,839,844,912,943,957,1093,1277,1349,1356,1507,1539,1569,1708,1772,1848,1864,1974,2090,2214,2421,2518,2533,2666,2727,2737,2830,2872,2952,3021,3123,3198,3221,3255,3280,3299,3321,3350,3408,3410,3494,3582,3588,3725,3832,3840,3887,4048,4069,4104,4122,4484,4522,4533,4618,4708,4854,4878,5019,5125,5317,5502,5528,5545,5565,5593,5670,5724,5923,6271
6973,84,1,0,1,3,117,169,177,206,253,599,624,647,665,686,719,794,826,937,977,983,988,1074,1218,1287,1345,1357,1555,1689,1831,1861,2052,2120,2146,2210,2248,2298,2383,2465,2536,2614,2658,2884,2901,3065,3072,3168,3178,3287,3392,3412,3471,3612,3621,3657,3713,3813,3844,3868,3917,4196,4273,4308,4371,4806,4810,4863,5088,5187,5206,5221,5248,5386,5460,5693,5721,5814,5929,6088,6304,6511,6665,6828,6850,6893,6960
8011,90,1,0,1,3,10,45,285,606,712,796,895,957,1077,1123,1195,1201,1431,1511,1524,1577,1692,1722,1829,1833,1854,1963,2348,2596,2659,2797,2847,3071,3094,3181,3207,3267,3527,3547,3581,3650,3985,4043,4082,4134,4190,4208,4222,4251,4347,4523,4563,4802,4826,4891,5069,5394,5488,5515,5616,5692,5747,5851,5980,6134,6229,6276,6424,6505,6624,6697,6799,6850,6950,6955,6966,6983,7014,7157,7169,7327,7363,7507,7526,7548,7597,7605,7719,7757,7794,7929,7944
9507,98,1,0,1,3,37,52,191,308,332,433,914,919,984,1093,1155,1231,1238,1600,1678,1723,1732,1755,1773,1826,1930,1938,2099,2116,2141,2457,2712,2859,3058,3187,3466,3524,3655,3675,3748,4139,4145,4183,4297,4301,4518,4528,4600,4720,4777,4964,5043,5054,5176,5268,5329,5356,5496,5526,5601,5617,5851,6151,6173,6491,6539,6759,6778,6792,6878,7021,7163,7226,7290,7490,7650,7747,7860,7941,8028,8056,8154,8304,8339,8370,8438,8450,8505,8534,8574,8797,9005,9048,9094,9107,9133,9154,9270,9326,9400
